! recostruction matrix elements for HMS, tune HMS-100
! <theta y phi delta | nmpq>;(x**n xp**m y**p yp**q)
! as of 02/20/97, no z offset included: this statement is obsolete
! created: 06/28/98
! zeroth order matrix elements from fitting:
! <theta|> -4.7276368293E-03 rad
! <y|> -1.1606458055E-04 m
! <phi|>  4.8280702357E-05 rad 
! <p|> -3.8725980576E-03 %
! <theta y phi delta | nmpq>;(x**n xp**m y**p yp**q)
!   For xptar include xtar correction from SIMC COSY file
!   fitted new xptar using the xtar correction with xtar mztrix fixed
!   fitted new ytar and yptar for extended target
!   May 15th , 2009 , 3rd iteration of xptar fit
 ---------------------------------------------------------------------
   -0.00343320596 -8.55129322e-05  0.000273135681               0 00000
      0.349719935    0.0192255848  -0.00835038474     0.256021141 10000
      -3.09152913    -0.148666828    0.0405499285     0.130192976 01000
    -0.0144081902    -0.415421345      0.27217585   0.00278565265 00100
      0.215169765    -0.401226468     -2.36103286    0.0407874298 00010
       1.12584242               0               0       0.7681777 00001
     -0.377331724   -0.0402866049   0.00864881746    -0.318166729 20000
       2.79839558    0.0544071972    0.0101213668      3.07552684 11000
       5.18872397     0.970375218    -0.260813957       2.1477619 02000
    -0.0469021249       1.4856838     -0.35360288   -0.0297352223 10100
      0.830289572     0.784169523    -0.282385014     -0.26612453 01100
     0.0447854354     0.105218908    -0.123449669   -0.0438953228 00200
    -0.0330805335     -22.4095929      5.20341562    -0.249121889 10010
       -2.9330201      -3.8643457      1.80032137      4.27708696 01010
     0.0131707597      1.29900681    -0.403417711     0.475605891 00110
      -1.60990865     -4.11460748     0.766371802     -3.53478948 00020
      -3.30929606               0               0     -1.24824954 10001
        9.5582156               0               0      7.18980365 01001
     0.0744204334               0               0               0 00101
     -0.932044457               0               0               0 00011
      -12.8075508               0               0     -1.79480024 00002
       1.30334569     0.180917801    0.0551876074     0.936834319 30000
      -18.7769286    -0.435238702     -1.13332499     -13.5405899 21000
       71.5265974     -13.3602921      7.99085666      51.8797642 12000
      -79.8483878      54.2701022     -13.7935645      -20.498985 03000
       1.68873548     -4.89626156     0.692715742   -0.0312542194 20100
      -14.7289349      57.8107227     -8.65414899     0.284008412 11100
       28.4744121     -156.208231      17.6806673      3.95564331 02100
      0.194065641    -0.479942589     0.999114645     0.954315611 10200
      -5.29076087     -11.7476205      2.18163025     -7.06883817 01200
      0.952317119     0.808196758       -1.354748    -0.358205667 00300
      -14.8862284      66.1672181     -9.91661029     -2.74488175 20010
       149.048708     -770.927956      120.012707      10.6819836 11010
      -382.868078      2163.71166     -267.806916      -46.776265 02010
      -14.5153953     -5.38055608     -10.4467717     0.434687181 10110
         170.1456      199.356852     -31.2570599      25.6924121 01110
       -14.346341      48.1988078      9.56962764      -3.1559352 00210
       115.481167      26.1909304      4.44476121      31.9077575 10020
      -1151.56617      141.740309     -135.806105     -467.898102 01020
       131.031962       -682.2358     -71.7472413       34.179037 00120
      -495.450386      3405.05794      224.367217     -71.5085362 00030
        31.328287               0               0      4.30979026 20001
      -366.358594               0               0     -47.5141035 11001
       1281.27264               0               0      127.404997 02001
       2.84521581               0               0               0 10101
       -25.439373               0               0               0 01101
       8.46492946               0               0      1.52132362 00201
       13.7051555               0               0               0 10011
      -72.5425087               0               0               0 01011
      -212.181332               0               0     -44.8420242 00111
       1292.40575               0               0      332.945301 00021
       86.2168045               0               0      13.9035869 10002
      -202.375577               0               0     -75.1770025 01002
       11.1885519               0               0               0 00102
       152.465743      412.398418      -118.55168               0 00012
       56.8142343               0               0      15.5951865 00003
      -5.62451546     0.336820453    -0.372605227     -2.30278775 40000
       112.872402     -15.2430167      8.99885288      58.0248309 31000
      -814.935196      170.557553      -86.251149     -491.562374 22000
       2552.85514     -666.375297      382.706517      1718.29721 13000
       -3056.7937      492.763985     -642.951154     -1950.10403 04000
      -10.8852603      7.94946704    -0.979891942     -1.46212838 30100
       165.886675     -115.893456      14.0581776      47.2957535 21100
      -852.331764      173.339788      10.1674723     -432.372956 12100
       1443.76707      858.715362     -238.619322      1323.39948 03100
      -1.46691613     -1.83625175     -3.03307054     -1.00472512 20200
       22.8078283      67.9001929     -4.40960935      16.7434624 11200
      -23.7690023     -34.4743704     -16.0922655     -67.2731587 02200
      -3.30391181     -7.42662543      9.70642232      4.98155457 10300
      -52.5207962     -154.333136      63.6593857     -37.4367181 01300
      -1.34679188      16.1373785     -3.09435896      3.83526317 00400
       73.2841669     -101.090635      13.3568825      20.4063547 30010
      -822.117341      1686.20556     -244.927594     -521.870646 21010
       2097.86262     -4851.39395      701.275872      4021.85608 12010
       977.869067     -2268.84774      392.799533     -11081.6594 03010
       15.9067829      112.004067      55.1518059     -26.1090659 20110
      -205.986912     -2128.61968      183.427443      343.660595 11110
      -917.913245      2541.28728      484.329366     -974.052221 02110
       110.476881      277.980567     -188.496308      -36.510193 10210
       204.937785      1612.71073     -632.014748       292.43684 01210
        14.023567     -160.181211      19.4287678     -84.9391998 00310
      -262.081184     -662.407434      -145.87261      406.369321 20020
       2912.15237      9999.54547     -2527.85098     -4586.96491 11020
       740.840216      2695.22328     -474.589997      9358.46286 02020
      -867.476504     -959.929606      1013.81527      60.2646297 10120
       21.2703403     -8951.76688      3202.62918     -697.205971 01120
      -72.5955339       627.43608       85.321427      726.975013 00220
       1728.91683      11909.5971     -4307.18319      536.066295 10030
       193.233423     -358.537272       119.64081     -2336.48364 01030
      -332.488427     -677.839219     -382.098207     -1667.46714 00130
       -91.947432     -185.737687     -127.164665      3912.11649 00040
      -111.090641               0               0     -15.7177358 30001
        1301.2309               0               0      249.924995 21001
      -3377.64137               0               0     -1205.61003 12001
      -1080.57253               0               0      1650.70638 03001
       -29.857604               0               0               0 20101
       257.607594               0               0               0 11101
       222.800622               0               0               0 02101
      -206.758367               0               0     -8.63945412 10201
        1286.1228               0               0       51.734534 01201
      -5.74703998               0               0               0 00301
      -58.3774171               0               0               0 20011
      -75.7986407               0               0               0 11011
      -20.0306669               0               0               0 02011
        457.38899               0               0       246.32877 10111
       315.521007               0               0     -1468.88025 01111
        81.569985               0               0               0 00211
      -58.1868148               0               0     -1758.72381 10021
       28.1001103               0               0      10443.6142 01021
       11.1028012               0               0               0 00121
       2.94427172               0               0               0 00031
      -2.86376084               0               0     -77.6962058 20002
      -284.532504               0               0      808.267218 11002
      -54.9686786               0               0     -1887.27393 02002
       39.9072357               0               0               0 10102
       26.1337898               0               0               0 01102
      -894.903229               0               0     -13.1721627 00202
       15.8064184               0               0               0 10012
        2.5233279               0               0               0 01012
       24.9869024               0               0      377.176889 00112
       5.91096156               0               0     -2708.57078 00022
      -4.71048927               0               0     -174.332974 10003
     -0.949356614               0               0      893.518077 01003
       1.49611639               0               0               0 00103
      0.196444306               0               0               0 00013
       0.10590745               0               0     -149.156349 00004
       11.6985411     -5.58975929      1.54120446      4.96781903 50000
      -226.884112         98.5708     -28.3735523     -214.635508 41000
       1391.34712     -671.318594      167.754877      3438.51266 32000
      -2246.65255       1492.8004     -302.194708     -27888.4078 23000
      -1701.51078      693.067403     -225.618195      118850.529 14000
      -634.207373      191.440941     -82.8310777       -209797.8 05000
       6.06879674      14.2531587     -4.00710311      3.07907961 40100
      -170.488655     -140.375663      66.3370958     -71.7570318 31100
       884.525429      487.194457     -239.038963      175.230779 22100
      -531.841014     -1256.03997      468.084927      3660.70792 13100
      -240.785251     -524.707067      212.384904     -18679.7717 04100
       11.3576626     -16.1554308      3.38073225     -9.82929708 30200
       -208.98526      107.706475       12.543852      223.223395 21200
       727.368928     -280.186191     -107.884345     -1934.55934 12200
        20.201784      193.156761      -174.61369      6295.96049 03200
       7.61480495      3.23751757     -1.08204834      7.53241271 20300
      -131.259557      351.887737     -315.365991     -173.118732 11300
       1536.57866      1979.84958     -204.378772      1077.44822 02300
       11.7374347     -24.8656887      8.34758287     -1.11240314 10400
       5.28670719     -281.015071      76.9767164     -107.686882 01400
      -7.79003557       81.447588     -27.7914383     -1.36754912 00500
       1.84316001     -27.8048267     -8.29775965     -48.5819865 40010
       184.022782     -226.109627      20.7333655      1952.97191 31010
      -325.760895      2191.32804     -706.917874     -20776.5089 22010
      -186.149095      616.206782     -178.268567      79440.7749 13010
      -50.9162773      104.822218     -25.9503872     -71841.5676 04010
       18.4546258      223.263215     -116.365471      63.7792928 30110
       320.463362      121.573233      69.8303962      -1765.8266 21110
       137.693075      139.595027     -18.0308338      11961.6529 12110
       28.2778674      26.0616471     -8.45015238     -36062.5709 03110
       105.534377     -804.259266      516.518334     -8.69875712 20210
       -2606.5587     -10509.5927      4042.53566      1607.73072 11210
      -336.810488     -1499.14404      632.801527     -11675.9844 02210
      -91.8062543      722.976991     -154.914695      165.982247 10310
      -750.041113      1361.43272     -609.950178      946.869731 01310
      -112.296647      144.486291       155.24682      164.395576 00410
      -261.710854     -1068.76531      553.132663     -2407.64911 30020
       336.919241     -426.115835      98.3431481      55520.9916 21020
       96.2530642     -131.601751      22.4353401     -418149.697 12020
       20.5689027     -26.3918146      3.13635316      1118597.09 03020
       52.2994089      15049.2579     -5002.10915       332.50163 20120
      -332.926802     -651.919707      279.189918     -14254.2451 11120
      -52.5852279     -200.978686      81.4580451      52657.7588 02120
       142.522292     -2359.18697      1327.62061     -3998.95843 10220
      -58.2659436     -69.4586466      55.4094928      25102.1443 01220
       282.020627     -1084.64042      118.208694      90.2668576 00320
       182.594676      4330.24128     -1488.75985        -930.899 20030
      -23.8540548      171.276363     -55.5206111      39788.7678 11030
      -5.57891255      4.69102016    -0.240183598     -118752.747 02030
       6.66052289     -684.122283      346.147541      29493.1698 10130
      -10.9580595     -60.5814994      29.4036682     -259877.198 01130
       52.3300111     -268.735949      28.6135445      1100.41524 00230
      0.209368016     -109.125099      59.9089141     -13196.6766 10040
      -2.16990623     -11.5776505       6.0083469      303094.278 01040
       4.04960821     -62.5065007      11.5967446     -17333.4694 00140
     -0.274692555      -12.191334       3.0795073      30963.1531 00050
        169.57368               0               0               0 40001
      -1188.40309               0               0               0 31001
      -2564.00859               0               0               0 22001
      -796.126266               0               0               0 13001
      -170.135856               0               0               0 04001
       25.2737324               0               0               0 30101
      -302.117798               0               0               0 21101
       10.5088748               0               0               0 12101
       17.9545609               0               0               0 03101
       393.042869               0               0               0 20201
      -2654.79358               0               0               0 11201
      -675.207959               0               0               0 02201
       31.5374558               0               0               0 10301
      -66.2872749               0               0               0 01301
       11.0483668               0               0               0 00401
       53.9952733               0               0               0 30011
       19.8514223               0               0               0 21011
       6.99512779               0               0               0 12011
       2.03058969               0               0               0 03011
      -414.755722               0               0               0 20111
      -242.924295               0               0               0 11111
      -53.2831769               0               0               0 02111
       14.0854426               0               0               0 10211
      -7.18970025               0               0               0 01211
       46.6175282               0               0               0 00311
      -49.7218825               0               0               0 20021
          -23.494               0               0               0 11021
      -4.63065295               0               0               0 02021
      -7.01252658               0               0               0 10121
      -1.66128414               0               0               0 01121
       8.99761159               0               0               0 00221
      -1.51837641               0               0               0 10031
     -0.259505376               0               0               0 01031
       1.21378871               0               0               0 00131
      0.265212468               0               0               0 00041
        327.02351               0               0               0 30002
      -46.7603764               0               0               0 21002
      -13.1130776               0               0               0 12002
      -2.14608775               0               0               0 03002
      -405.162634               0               0               0 20102
      -37.8327394               0               0               0 11102
      -3.28616433               0               0               0 02102
      -797.756623               0               0               0 10202
      -100.253463               0               0               0 01202
         -58.1494               0               0               0 00302
      -26.9158564               0               0               0 20012
      -2.93740577               0               0               0 11012
     -0.281699956               0               0               0 02012
      -44.2613806               0               0               0 10112
      -5.18873926               0               0               0 01112
      -2.30913015               0               0               0 00212
      -3.83394487               0               0               0 10022
     -0.448803101               0               0               0 01022
     0.0432742246               0               0               0 00122
     0.0342938618               0               0               0 00032
       12.9742811               0               0               0 20003
       1.29863794               0               0               0 11003
      0.179319821               0               0               0 02003
      0.359636043               0               0               0 10103
    -0.0686000125               0               0               0 01103
      0.479897726               0               0               0 00203
      0.043379578               0               0               0 10013
   0.000381017134               0               0               0 01013
     0.0717327023               0               0               0 00113
      0.027421903               0               0               0 00023
    0.00404935152               0               0               0 10004
  -0.000704014248               0               0               0 01004
    0.00417717692               0               0               0 00104
    0.00382346774               0               0               0 00014
     0.0014659581               0               0               0 00005
      -9.65680642      9.95640391     -2.70392084               0 60000
       171.190173     -152.987974      48.1610591               0 51000
      -677.265706      487.922148     -207.857762               0 42000
      -184.910803      464.021994     -61.9880518               0 33000
      -123.715552      159.975107     -26.4960257               0 24000
      -53.0168719      43.4577396     -10.6530511               0 15000
      -19.9832034      11.5555364       -4.172049               0 06000
       35.6455106     -71.9350388       18.961199               0 50100
       -352.91766      996.298087     -223.661628               0 41100
       194.964915     -2909.83676       815.76379               0 32100
       107.460389     -1469.69986      441.485957               0 23100
       43.9368962     -409.118975      126.837599               0 14100
       14.1710199     -89.3680548      28.4874434               0 05100
      -39.6068063      79.0596754     -17.2698907               0 40200
       502.440561     -297.319989      54.3237832               0 31200
      -1482.24909       658.39034      55.5028887               0 22200
      -511.031343      291.875975      2.62902212               0 13200
      -132.450252      81.0768202     -6.40908227               0 04200
       29.4261365     0.170253615     -48.3337403               0 30300
       107.714035      712.407886     -230.254362               0 21300
      -527.652367     -2683.77247      896.251193               0 12300
      -187.798241     -1078.60227      362.801764               0 03300
       43.0498385      -139.38829      42.5518511               0 20400
       63.7419856      84.3634128     -170.337056               0 11400
      -441.209125      176.900335     -11.3166691               0 02400
       22.9568455     -275.035969      112.041099               0 10500
       196.796138     -1589.13455      359.455993               0 01500
      -70.5423547      140.892263     -31.7777075               0 00600
      -373.749644      325.618255     -50.7019389               0 50010
       3133.87017     -2819.78645      67.8094532               0 41010
       823.106505      -677.94773     -26.0056895               0 32010
        168.58507     -180.891769      8.36582627               0 23010
       32.7545847     -45.6416856      5.53765005               0 14010
       6.32851231     -10.7755843       1.8415295               0 05010
        12.789305     -1035.05187       136.19395               0 40110
      -326.121242      763.223811     -178.791928               0 31110
      -199.810737      308.950392     -49.3510109               0 22110
      -48.0854728      73.7565284     -9.66430433               0 13110
      -9.40388609      15.6774031     -1.66560802               0 04110
      -268.622706     -515.835824      627.987384               0 30210
      -76.3958092      590.620214     -157.557661               0 21210
      -40.9117832      46.9782647     -22.9289444               0 12210
      -10.5314451     -24.8588204      4.96993621               0 03210
       -318.43241      824.526489       10.700446               0 20310
      -126.422272      310.005241     -86.3627331               0 11310
      -67.8221629      89.4585996     -14.0620333               0 02310
      -713.820105      6377.74064     -1671.91826               0 10410
      -60.2685655       1054.5444     -299.042458               0 01410
       372.285001      -1185.7916       500.22768               0 00510
        383.69492      5118.30344     -667.520609               0 40020
       90.6686952       1054.6271     -203.436307               0 31020
       6.44467924       187.02172     -37.8070045               0 22020
      0.870083325      32.3533734     -6.47813762               0 13020
       0.24607587      5.72423399     -1.08876986               0 04020
      -333.975692     -1198.83434      560.774152               0 30120
      -6.33300413     -52.4830629      28.9275199               0 21120
       1.74239699      5.10379631     -2.81661686               0 12120
      0.540780299      -1.9377456    0.0571914676               0 03120
       15.2622634      428.922718     -105.511643               0 20220
      -1.51638911      80.3850465     -23.6017542               0 11220
      -3.38466744      17.6054924      -3.4629664               0 02220
      -119.147446      986.918901     -238.439095               0 10320
       2.15475425      164.673097     -45.3773345               0 01320
       97.6723655      46.1018152     -6.94153816               0 00420
      -16.5032387     -287.779035      111.006599               0 30030
       4.17238296     -17.6998534       6.7596212               0 21030
       1.49701119      1.46678147    -0.780473062               0 12030
      0.346840759     0.142753194    -0.158503212               0 03030
       1.07172898      94.4691769     -43.0971823               0 20130
     -0.290659528       15.710862     -6.33868385               0 11130
     -0.295573884      3.17687034     -0.87456121               0 02130
      -17.8060081      81.5237698     -11.8588191               0 10230
       0.60232529      17.6665509     -4.20031528               0 01230
       13.0590874      35.6275232     -19.8724642               0 00330
     -0.144373053      18.5213033     -10.5245836               0 20040
      0.172332939      3.87959106     -1.63874101               0 11040
      0.040406234     0.767024755    -0.237797167               0 02040
      -2.71463749      1.85301393      2.02271564               0 10140
    0.00690517255     0.454674102     0.170862362               0 01140
       1.36960777      7.41485357     -4.89163381               0 00240
     -0.094972569      1.22182693   -0.0614749333               0 10050
     0.0185634706   -0.0235324373    0.0552201004               0 01050
     0.0755732351     0.955947782    -0.883354353               0 00150
    -0.0106133623    0.0800209936    -0.144831943               0 00060
      -221.978975               0               0               0 50001
       2081.48433               0               0               0 41001
      -430.560936               0               0               0 32001
      -218.050288               0               0               0 23001
      -55.5844501               0               0               0 14001
      -11.3642568               0               0               0 05001
       108.432463               0               0               0 40101
      -931.864934               0               0               0 31101
      -192.977158               0               0               0 22101
      -28.6473383               0               0               0 13101
      -3.41017534               0               0               0 04101
       61.3278498               0               0               0 30201
      -43.6289186               0               0               0 21201
      -47.1521819               0               0               0 12201
       -14.919883               0               0               0 03201
       58.8310901               0               0               0 20301
       -36.337865               0               0               0 11301
      -8.01512328               0               0               0 02301
      -104.944287               0               0               0 10401
       34.7713353               0               0               0 01401
      -122.288125               0               0               0 00501
      -77.5453423               0               0               0 40011
      -64.1314449               0               0               0 31011
      -13.9857505               0               0               0 22011
      -2.33654082               0               0               0 13011
     -0.340596491               0               0               0 04011
       29.3394194               0               0               0 30111
       48.1149331               0               0               0 21111
       9.50174924               0               0               0 12111
       1.38837541               0               0               0 03111
       52.4792515               0               0               0 20211
       3.80058742               0               0               0 11211
      0.234555136               0               0               0 02211
       39.5808085               0               0               0 10311
       15.2563542               0               0               0 01311
      -7.28080327               0               0               0 00411
       12.7034651               0               0               0 30021
       7.96187516               0               0               0 21021
       1.60982507               0               0               0 12021
      0.257565675               0               0               0 03021
       5.93574507               0               0               0 20121
      0.679348453               0               0               0 11121
     0.0757550151               0               0               0 02121
       7.36294581               0               0               0 10221
       2.30080135               0               0               0 01221
     -0.118383007               0               0               0 00321
      0.835395726               0               0               0 20031
      0.101082424               0               0               0 11031
     0.0113826515               0               0               0 02031
      0.967539242               0               0               0 10131
      0.283940573               0               0               0 01131
     0.0704094684               0               0               0 00231
      0.102736083               0               0               0 10041
     0.0316791817               0               0               0 01041
     0.0177406989               0               0               0 00141
    0.00318778677               0               0               0 00051
      -597.497346               0               0               0 40002
      -102.721749               0               0               0 31002
      -15.3681107               0               0               0 22002
      -2.17208316               0               0               0 13002
     -0.274609264               0               0               0 04002
       106.837983               0               0               0 30102
       12.3766158               0               0               0 21102
        1.4653033               0               0               0 12102
      0.185393293               0               0               0 03102
       11.8887131               0               0               0 20202
      -2.55669988               0               0               0 11202
     -0.863809017               0               0               0 02202
       18.8047014               0               0               0 10302
        2.4966758               0               0               0 01302
      -3.93088497               0               0               0 00402
       14.4258145               0               0               0 30012
       1.52658163               0               0               0 21012
      0.163028817               0               0               0 12012
     0.0171689509               0               0               0 03012
       15.0743734               0               0               0 20112
       1.60706583               0               0               0 11112
      0.166465023               0               0               0 02112
       2.28803297               0               0               0 10212
      0.265413449               0               0               0 01212
        3.2668393               0               0               0 00312
       1.96621152               0               0               0 20022
      0.211929662               0               0               0 11022
      0.022229702               0               0               0 02022
      0.192176728               0               0               0 10122
     0.0208429359               0               0               0 01122
      0.409197722               0               0               0 00222
     0.0128130316               0               0               0 10032
    0.00134309873               0               0               0 01032
     0.0442654916               0               0               0 00132
    0.00474276817               0               0               0 00042
      -1.44694805               0               0               0 30003
     -0.301551821               0               0               0 21003
    -0.0979405958               0               0               0 12003
    -0.0218874633               0               0               0 03003
      0.213731277               0               0               0 20103
   -0.00424871757               0               0               0 11103
   -0.00263981236               0               0               0 02103
     -0.390336182               0               0               0 10203
    -0.0220563449               0               0               0 01203
     -0.025206107               0               0               0 00303
     0.0116208798               0               0               0 20013
  -0.000861751979               0               0               0 11013
  -0.000368034008               0               0               0 02013
    -0.0305595883               0               0               0 10113
   0.000792820773               0               0               0 01113
   -0.00103581312               0               0               0 00213
   -0.00500745668               0               0               0 10023
  -3.62264901e-05               0               0               0 01023
  -0.000100846774               0               0               0 00123
   1.08549858e-05               0               0               0 00033
    -0.0317665296               0               0               0 20004
   -0.00868692894               0               0               0 11004
   -0.00130336633               0               0               0 02004
   -0.00485930059               0               0               0 10104
  -0.000181322677               0               0               0 01104
    -0.0225313015               0               0               0 00204
  -0.000259911565               0               0               0 10014
  -8.65988929e-06               0               0               0 01014
   0.000126433262               0               0               0 00114
     9.083549e-05               0               0               0 00024
  -0.000376405317               0               0               0 10005
   -4.9526213e-05               0               0               0 01005
   5.05435025e-05               0               0               0 00105
   3.11879063e-06               0               0               0 00015
   2.32698271e-06               0               0               0 00006
 ---------------------------------------------------------------------
