! recostruction matrix elements for HMS, tune HMS-100
! <theta y phi delta | nmpq>;(x**n xp**m y**p yp**q)
! as of 02/20/97, no z offset included: this statement is obsolete
! created: 06/28/98
! zeroth order matrix elements from fitting:
! <theta|> -4.7276368293E-03 rad
! <y|> -1.1606458055E-04 m
! <phi|>  4.8280702357E-05 rad 
! <p|> -3.8725980576E-03 %
! <theta y phi delta | nmpq>;(x**n xp**m y**p yp**q)
!   For xptar include xtar correction from SIMC COSY file
!   fitted new xptar using the xtar correction with xtar mztrix fixed
!   fitted new ytar and yptar for extended target
!   May 15th , 2009 , 3rd iteration of xptar fit
 ---------------------------------------------------------------------
  0.000000000e+00  0.000000000e+00  0.000000000e+00  0.000000000e+00  00000
  3.425931820e-01  2.011362590e-02 -8.561999610e-03  2.560211410e-01  10000
 -3.012853800e+00 -1.514600160e-01  5.197705600e-02  1.301929760e-01  01000
 -2.025428550e-02 -4.281500690e-01  2.617416480e-01  2.785652650e-03  00100
  1.926096680e-01 -4.800937130e-01 -2.139353530e+00  4.078742980e-02  00010
 -4.307119050e-01 -6.287639900e-02  1.296024390e-02 -3.181667290e-01  20000
  3.521468230e+00  5.280719500e-01 -1.258274400e-01  3.075526840e+00  11000
  1.923537200e-01  1.455676100e+00 -3.369002830e-01 -2.973522230e-02  10100
 -2.026379030e+00 -2.164903060e+01  5.021169640e+00 -2.491218890e-01  10010
  2.655709910e+00 -1.195624950e+00  3.494539340e-01  2.147761900e+00  02000
 -4.843325680e-01  1.101147800e+00 -3.366396370e-01 -2.661245300e-01  01100
  5.504199220e+00 -9.185763280e+00  4.727237880e+00  4.277086960e+00  01010
 -3.151709140e-02  1.113727090e-01 -1.432472580e-01 -4.389532280e-02  00200
 -3.286989730e-03 -6.835806090e-01  1.126904370e+00  4.756058910e-01  00110
 -5.812778280e+00  7.573870600e+00 -2.441546240e+00 -3.534789480e+00  00020
  1.979215870e+00  6.963727470e-03  8.303814350e-02  9.368343190e-01  30000
 -3.419719160e+01  2.831555790e-01 -1.728469960e+00 -1.354058990e+01  21000
  1.915915990e+00 -3.439225520e+00  6.334501580e-01 -3.125421940e-02  20100
 -6.459782590e+00  5.743891470e+01 -1.475941500e+01 -2.744881750e+00  20010
  1.988996340e+02 -9.607202060e+00  1.479897220e+01  5.187976420e+01  12000
 -2.096448380e+01  4.008073490e+01 -9.164580610e+00  2.840084120e-01  11100
  8.697545990e+01 -6.431375100e+02  2.084366370e+02  1.068198360e+01  11010
  3.037183710e+00  3.636430210e-01  5.360972340e-01  9.543156110e-01  10200
 -3.730272190e+01 -2.166209990e+01 -1.375968310e+00  4.346871810e-01  10110
  2.152798300e+02  5.163097770e+01 -6.487213570e+00  3.190775750e+01  10020
 -4.518345700e+02  4.377582070e+01 -4.759030410e+01 -2.049898500e+01  03000
  5.968337350e+01 -8.725493930e+01  1.963458430e+01  3.955643310e+00  02100
 -2.759273820e+02  1.627513050e+03 -6.560260650e+02 -4.677626500e+01  02010
 -1.822263270e+01 -1.448835960e+01  1.355879810e+00 -7.068838170e+00  01200
  1.850829900e+02  2.419328030e+02 -5.268622980e+01  2.569241210e+01  01110
 -1.612202670e+03  1.379530740e+02 -2.901199540e+01 -4.678981020e+02  01020
  1.389164170e+00  3.707318120e+00 -2.873261900e-01 -3.582056670e-01  00300
 -2.065127910e+01  6.586195700e+01 -4.806010510e+01 -3.155935200e+00  00210
  5.861799660e+01 -1.092744130e+03  8.002372240e+02  3.417903700e+01  00120
  1.128144910e+02  6.864090910e+03 -4.718423520e+03 -7.150853620e+01  00030
 -5.055708750e+00  2.049047510e+00 -1.266434860e+00 -2.302787750e+00  40000
  8.289988920e+01 -5.640212070e+01  3.502988170e+01  5.802483090e+01  31000
 -2.916143690e+01  3.825762500e+00  7.422679050e-01 -1.462128380e+00  30100
  2.274140180e+02 -7.858105330e+01  1.349593950e+01  2.040635470e+01  30010
 -3.555580510e+02  5.794359160e+02 -3.666474460e+02 -4.915623740e+02  22000
  5.019966910e+02 -5.775857990e+01 -1.173762000e+01  4.729575350e+01  21100
 -3.406087750e+03  1.130492090e+03 -2.563899520e+02 -5.218706460e+02  21010
 -1.575721940e+01 -7.932210660e+00 -4.782882410e-01 -1.004725120e+00  20200
  1.473646200e+02  2.188795020e+02 -7.422911400e+00 -2.610906590e+01  20110
 -1.901705000e+02 -1.330613890e+03  2.326045200e+02  4.063693210e+02  20020
 -6.202548000e+01 -2.673235970e+03  1.762285360e+03  1.718297210e+03  13000
 -2.905928880e+03 -2.998340060e+01  9.454889580e+01 -4.323729560e+02  12100
  1.737899880e+04 -8.522770430e+02  9.673499360e+02  4.021856080e+03  12010
  1.197103000e+02  1.319196570e+02 -1.809119850e+01  1.674346240e+01  11200
 -7.617130220e+02 -2.720154810e+03  3.466216910e+02  3.436605950e+02  11110
 -8.444880770e+02  1.045505020e+04 -4.186022130e+03 -4.586964910e+03  11020
 -2.115161940e+01 -1.454602310e+01  1.001182430e+01  4.981554570e+00  10300
  4.008408060e+02  2.849785010e+02 -1.623232350e+02 -3.651019300e+01  10210
 -3.040928820e+03  3.127352860e+03  4.782664660e+01  6.026462970e+01  10120
  7.711082160e+03 -6.292946210e+03 -1.992634450e+03  5.360662950e+02  10030
  1.876722680e+03  4.857746390e+03 -3.407528920e+03 -1.950104030e+03  04000
  5.241817810e+03  9.456855330e+02 -1.041427920e+02  1.323399480e+03  03100
 -2.704415920e+04 -1.123914100e+04 -2.262008570e+03 -1.108165940e+04  03010
  1.354863570e+01 -2.176243250e+02  4.979897750e+01 -6.727315870e+01  02200
 -2.667101410e+03  2.057060850e+03  2.325246290e+02 -9.740522210e+02  02110
  1.140278590e+04  1.103740210e+04  5.476393550e+03  9.358462860e+03  02020
  3.767280790e+01 -2.146171730e+02  5.459736620e+01 -3.743671810e+01  01300
 -1.335757820e+03  2.524222840e+03 -6.579008750e+02  2.924368400e+02  01210
  1.229988120e+04 -3.245862450e+04  7.508893850e+03 -6.972059710e+02  01120
 -2.194688970e+04  1.293401370e+05 -3.288026690e+04 -2.336483640e+03  01030
 -9.307447260e+00  6.767210480e+00  5.360850730e+00  3.835263170e+00  00400
  9.354890700e+01  2.543398200e+02 -2.637028850e+02 -8.493919980e+01  00310
  2.398181340e+02 -4.306833610e+03  3.697884610e+03  7.269750130e+02  00220
 -6.481785010e+03  2.820122820e+04 -1.989543740e+04 -1.667467140e+03  00130
  2.390200080e+04 -8.461556480e+04  2.568120160e+04  3.912116490e+03  00040
  1.179865140e+00 -6.604867040e+00  3.615921750e+00  4.967819030e+00  50000
  1.588231350e+02  2.253140780e+02 -1.255128860e+02 -2.146355080e+02  41000
  7.262479930e+01 -2.109104820e+00 -5.753574970e+00  3.079079610e+00  40100
 -8.493137220e+02 -3.389083900e+01  8.547567170e+01 -4.858198650e+01  40010
 -4.942310080e+03 -2.935690690e+03  1.590675680e+03  3.438512660e+03  32000
 -1.432385130e+03  2.318961400e+01  1.853200720e+02 -7.175703180e+01  31100
  1.683014400e+04  3.571304420e+03 -3.614041550e+03  1.952971910e+03  31010
  4.551618880e+00  2.033685160e+01 -2.871984740e+00 -9.829297080e+00  30200
  3.012225180e+02 -5.010755160e+02 -7.019386850e+01  6.377929280e+01  30110
 -5.980155040e+03  3.279851170e+03  1.252503460e+03 -2.407649110e+03  30020
  5.174735740e+04  1.801676460e+04 -8.901268810e+03 -2.788840780e+04  23000
  7.755282000e+03  4.782001690e+02 -2.073527160e+03  1.752307790e+02  22100
 -9.286474450e+04 -7.655815480e+04  5.185782260e+04 -2.077650890e+04  22010
  4.134977040e+02 -2.875543810e+02  1.246413000e+02  2.232233950e+02  21200
 -1.871265470e+04  7.947939730e+03  2.691931750e+00 -1.765826600e+03  21110
  2.024838120e+05 -6.829312030e+04 -1.498384020e+04  5.552099160e+04  21020
  7.862476240e+01 -3.041229230e+01 -2.184529730e+01  7.532412710e+00  20300
 -9.313446520e+02  1.302090520e+03  5.269725960e+02 -8.698757120e+00  20210
  1.323753130e+04 -2.442251240e+04 -2.889567300e+03  3.325016300e+02  20120
 -7.838832380e+04  2.193724180e+05  3.993096320e+03 -9.308990000e+02  20030
 -2.339456040e+05 -4.849176950e+04  1.823111890e+04  1.188505290e+05  14000
 -3.674816120e+03 -6.866979100e+03  1.124134750e+04  3.660707920e+03  13100
  5.130585910e+04  5.721219900e+05 -3.265933660e+05  7.944077490e+04  13010
 -6.530340290e+03  2.702544050e+02 -6.599223020e+02 -1.934559340e+03  12200
  2.002454140e+05 -5.145384770e+03 -3.859223850e+03  1.196165290e+04  12110
 -1.883215700e+06  1.917584060e+05  9.690416770e+04 -4.181496970e+05  12020
 -4.922100770e+02  1.389517560e+03 -6.945293590e+01 -1.731187320e+02  11300
 -4.766557480e+03 -5.456070820e+04  2.004825420e+03  1.607730720e+03  11210
 -7.478303230e+04  6.921519570e+05 -3.026138170e+03 -1.425424510e+04  11120
  1.002799720e+06 -3.501741620e+06 -2.953756590e+05  3.978876780e+04  11030
  2.681416540e+01 -1.821789900e+01 -8.961887580e+00 -1.112403140e+00  10400
  6.799607060e+02 -6.974405130e+02  6.659195350e+02  1.659822470e+02  10310
 -1.074989710e+04  2.542712480e+04 -1.406476040e+04 -3.998958430e+03  10220
  5.025250620e+04 -1.254790870e+05  8.243254540e+04  2.949316980e+04  10130
 -1.345036010e+05 -2.510891070e+04 -1.359459130e+05 -1.319667660e+04  10040
  4.029355090e+05  3.490957890e+04  3.707224330e+03 -2.097978000e+05  05000
 -3.487387140e+04  1.801373270e+04 -2.393646410e+04 -1.867977170e+04  04100
  4.458000750e+05 -1.348832170e+06  7.502509160e+05 -7.184156760e+04  04010
  1.861238170e+04  3.117654850e+03  1.009438590e+03  6.295960490e+03  03200
 -4.902908040e+05 -8.651083050e+04  7.283888710e+03 -3.606257090e+04  03110
  4.915418830e+06 -5.158774760e+03 -8.332408710e+04  1.118597090e+06  03020
  1.285089600e+03 -3.124950610e+03 -4.248513110e+02  1.077448220e+03  02300
  3.602180960e+04  1.872722910e+05  2.493831480e+03 -1.167598440e+04  02210
  1.597020280e+05 -2.929532280e+06 -1.047562810e+04  5.265775880e+04  02120
 -3.584961160e+06  1.502218900e+07  1.294123340e+06 -1.187527470e+05  02030
  9.024927030e+01 -7.874836420e+01 -5.460460840e+01 -1.076868820e+02  01400
 -5.904580710e+03  3.568999360e+02  2.299555990e+03  9.468697310e+02  01310
 -3.536964120e+04 -5.774360510e+03 -1.733163280e+04  2.510214430e+04  01220
  9.582428320e+05 -9.321267240e+04  1.741806250e+05 -2.598771980e+05  01130
 -3.103092110e+06  3.344071550e+05 -8.270061770e+05  3.030942780e+05  01040
  4.095334040e+00 -9.189108730e+00 -4.666711380e+01 -1.367549120e+00  00500
  6.751116650e+02  1.351235320e+02  2.762697270e+03  1.643955760e+02  00410
 -1.358412650e+04  2.945481250e+04 -7.614691030e+04  9.026685760e+01  00320
  2.585968230e+04 -7.814851180e+05  1.162713120e+06  1.100415240e+03  00230
  5.511755580e+05  7.635935350e+06 -9.183362960e+06 -1.733346940e+04  00140
 -2.167868120e+06 -2.757055840e+07  2.901278520e+07  3.096315310e+04  00050
 ---------------------------------------------------------------------
